800 -> 1000
0 1 2 3 4 5 6 7 8 9 10 11 realVoltageProx voltageProx voltageDist degreesProx degreesDist
0.681861 18.7013 30.6023 0 1.12315 4.4259 4.47238 2.74732 0 0 18.8656 17.4551 800 0 0 28.6959 21.1514
0.681825 18.7013 30.6023 0 1.12308 4.42571 4.47213 2.74717 0 0 18.8656 17.4551 800 0 0 28.6959 21.1514
0.681788 17.7013 38.6023 2.88168 2.12301 7.42551 0.471876 5.74703 2.22617 0 21.8656 20.4551 800 0 0 28.6959 20.7198
0.681751 17.7013 38.6023 2.88148 2.12287 7.42518 0.471849 5.74674 2.22603 0 21.8656 20.4551 800 0 0 28.6959 21.1514
0.681714 17.7013 38.6023 2.88128 2.12274 7.42485 0.471822 5.74644 2.22589 0 21.8656 20.4551 800 0 0 28.6959 20.7198
0 17.7013 37.6023 0 0.122602 4.42452 4.4718 10.7461 0 0 19.8656 20.4551 800 0 0 28.6959 21.1514
0 17.7013 37.6023 0 0.122594 4.42433 4.47154 10.7456 0 0 19.8656 20.4551 800 0 0 28.6959 21.1514
0.681711 16.7013 34.6023 1.88124 0.122586 4.42413 5.47129 9.74503 0.225849 1.41281 21.8656 16.4551 800 0 0 28.6959 21.1514
0.681675 16.7013 34.6023 1.88111 0.122578 4.42393 5.47098 9.74453 0.225835 1.41277 21.8656 16.4551 800 0 0 28.6959 20.7198
0.681638 16.7013 34.6023 1.88098 0.12257 4.42374 5.47067 9.74403 0.225821 1.41272 21.8656 16.4551 800 0 0 28.6959 21.1514
4.6816 16.7013 33.6023 2.88085 0 10.4235 1.47036 4.74352 2.22581 0 21.8656 23.4551 800 0 0 28.6959 21.1514
4.68135 16.7013 33.6023 2.88065 0 10.4231 1.47028 4.74328 2.22567 0 21.8656 23.4551 800 0 0 29.1307 21.1514
0 9.70127 31.6023 2.88046 0 3.42261 2.4702 9.74303 0 0 22.8656 14.4551 800 0 0 28.6959 21.1514
0 9.70086 31.6023 2.88026 0 3.42246 2.47006 9.74253 0 0 22.8656 14.4551 800 0 0 28.6959 21.1514
0 9.70045 31.6023 2.88006 0 3.42231 2.46992 9.74203 0 0 22.8656 14.4551 800 0 0 28.6959 21.1514
0 18.7 33.6023 0 0 0 3.46978 6.74152 0.226233 0 25.8656 14.4551 800 0 0 28.6959 21.1514
0 18.7 33.6023 0 0 0 3.46958 6.74118 0.226219 0 25.8656 14.4551 800 0 0 28.6959 21.1514
0 15.7 31.6023 0 0 0 7.46938 3.74083 0 0 24.8656 16.4551 800 0 0 28.6959 21.1514
0 15.7 31.6023 0 0 0 7.46896 3.74063 0 0 24.8656 16.4551 800 0 0 28.6959 21.1514
0 15.7 31.6023 0 0 0 7.46854 3.74044 0 0 24.8656 16.4551 800 0 0 28.6959 21.1514
0 19.7 35.6023 0 2.12344 7.42238 3.46812 2.74025 0 0 18.8656 21.4551 800 0 0 28.6959 21.1514
0 19.7 35.6023 0 2.1233 7.42205 3.46792 2.74011 0 0 18.8656 21.4551 800 0 0 28.6959 21.1514
1.68343 21.7 37.6023 0 0 2.42172 2.46772 6.73996 0 0 19.8656 17.4551 800 0 0 28.6959 21.1514
1.68334 21.7 37.6023 0 0 2.42161 2.46758 6.73962 0 0 19.8656 17.4551 800 0 0 28.6959 21.1514
1.68325 21.7 37.6023 0 0 2.4215 2.46745 6.73927 0 0 19.8656 17.4551 800 0 0 28.6959 21.1514
0 18.7 32.6023 2.88145 0 1.42139 2.46731 1.73892 0 0 22.8656 21.4551 800 0 0 28.6959 21.1514
0 18.7 32.6023 2.88126 0 1.42133 2.46717 1.73883 0 0 22.8656 21.4551 800 0 0 28.6959 21.1514
5.6833 18.7 33.6023 4.88106 0 2.42127 4.46703 2.73874 0 0 21.8656 19.4551 800 0 0 29.1307 21.1514
5.68299 18.7 33.6023 4.88073 0 2.42116 4.46677 2.7386 0 0 21.8656 19.4551 800 0 0 29.1307 21.1514
5.68269 18.7 33.6023 4.88039 0 2.42105 4.46652 2.73846 0 0 21.8656 19.4551 800 0 0 28.6959 20.7198
5.68238 20.7 36.6023 1.88006 0.123616 5.42095 0 4.73832 0 0 24.8656 27.4551 800 0 0 28.6959 21.1514
5.68207 20.7 36.6023 1.87993 0.123608 5.4207 0 4.73807 0 0 24.8656 27.4551 800 0 0 28.6959 20.7198
5.68176 22.7 36.6023 1.8798 1.1236 5.42046 0 7.73783 3.22903 3.4166 25.8656 20.4551 800 0 0 28.6959 20.7198
5.68146 22.7 36.6023 1.87967 1.12353 5.42022 0 7.73743 3.22883 3.4165 25.8656 20.4551 800 0 0 28.6959 21.1514
5.68115 22.7 36.6023 1.87954 1.12346 5.41998 0 7.73703 3.22863 3.41639 25.8656 20.4551 800 0 0 28.6959 20.7198
3.68084 22.7 33.6023 2.87941 1.12339 4.41974 1.46676 4.73663 3.22843 0.416281 26.8656 20.4551 800 0 0 29.1307 21.1514
3.68064 22.7 33.6023 2.87922 1.12331 4.41955 1.46668 4.73638 3.22823 0.416268 26.8656 20.4551 800 0 0 28.6959 21.1514
1.68044 20.7 32.6023 0 1.12324 5.41935 4.46659 6.73614 0 0 20.8656 22.4551 800 0 0 28.6959 20.7198
1.68035 20.7 32.6023 0 1.12317 5.41911 4.46634 6.73579 0 0 20.8656 22.4551 800 0 0 28.6959 20.7198
1.68026 20.7 32.6023 0 1.1231 5.41887 4.46609 6.73544 0 0 20.8656 22.4551 800 0 0 28.6959 20.7198
2.68017 22.7 37.6023 2.87925 2.12303 6.41863 0 2.7351 0 0 22.8656 15.4551 800 0 0 28.6959 21.1514
2.68002 22.7 37.6023 2.87905 2.12289 6.41834 0 2.73495 0 0 22.8656 15.4551 800 0 0 29.1307 21.1514
1.67988 23.7 39.6023 0 2.12276 4.41806 0.465896 1.73481 0.229136 1.41723 18.8656 19.4551 800 0 0 29.1307 21.1514
1.67979 23.7 39.6023 0 2.12262 4.41786 0.465869 1.73472 0.229122 1.41718 18.8656 19.4551 800 0 0 28.6959 20.7198
1.6797 23.7 39.6023 0 2.12249 4.41767 0.465843 1.73463 0.229108 1.41714 18.8656 19.4551 800 0 0 28.6959 21.1514
0 0 0 0 0 0 0 0 0 0 0 0 800 0 0 29.1307 21.1514
0 14.7 32.6023 1.87888 0.122352 3.41747 3.46582 2.73454 0 0 19.8656 21.4551 800 0 0 29.1307 21.1514
3.67962 23.7 39.6023 6.87875 1.12234 5.41732 0 1.7344 3.2292 0 20.8656 21.4551 800 0 0 29.1307 21.1514
3.67942 23.7 39.6023 6.87828 1.12227 5.41708 0 1.73431 3.229 0 20.8656 21.4551 800 0 0 29.1307 21.1514
3.67923 23.7 39.6023 6.87781 1.1222 5.41684 0 1.73422 3.2288 0 20.8656 21.4551 800 0 0 29.1307 21.1514
0 14.7 35.6023 0 0 2.4166 5.46571 5.73413 0.228603 0 22.8656 19.4551 1000 0 0 28.6959 20.7198
0 14.7 35.6023 0 0 2.41649 5.4654 5.73384 0.228589 0 22.8656 19.4551 1000 0 0 28.6959 21.1514
1.67906 20.7 36.6023 0 3.12224 6.41638 1.46509 8.73354 1.22857 0 22.8656 20.4551 1000 0 0 28.6959 21.1514
1.67897 20.7 36.6023 0 3.12204 6.4161 1.46501 8.73309 1.2285 0 22.8656 20.4551 1000 0 0 28.6959 21.1514
1.67888 20.7 36.6023 0 3.12184 6.41581 1.46493 8.73264 1.22842 0 22.8656 20.4551 1000 0 0 29.1307 21.1514
3.67879 11.7 33.6023 0.877656 0 4.41553 3.46484 5.73219 0.228346 0 21.8656 19.4551 1000 0 0 29.1307 21.1514
3.67859 11.6995 33.6023 0.877596 0 4.41533 3.46465 5.73189 0.228332 0 21.8656 19.4551 1000 0 0 29.1307 21.1514
0 0 0 0 0 0 0 0 0 0 0 0 1000 0 0 29.1307 21.1514
0 14.699 36.6023 0 0 3.41513 4.46445 8.7316 0 0 24.8656 17.4551 1000 0 0 29.1307 21.1514
0 14.699 36.6023 0 0 3.41498 4.4642 8.73115 0 0 24.8656 17.4551 1000 0 0 29.5654 21.1514
0 18.699 40.6023 2.87769 1.12212 6.41483 0.463948 10.7307 2.22841 0 31.8656 20.4551 1000 0 0 29.5654 21.1514
0 18.699 40.6023 2.87749 1.12205 6.41455 0.463921 10.7301 2.22828 0 31.8656 20.4551 1000 0 0 30.0002 21.5831
2.67878 16.699 40.6023 2.8773 5.12198 0.414262 0.463895 5.72959 0.228137 0 26.8656 17.4551 1000 0 0 30.0002 21.1514
2.67864 16.699 40.6023 2.8771 5.12165 0.414244 0.463869 5.72929 0.228123 0 26.8656 17.4551 1000 0 0 30.0002 21.1514
2.67849 16.699 40.6023 2.8769 5.12133 0.414225 0.463843 5.72899 0.228109 0 26.8656 17.4551 1000 0 0 30.0002 21.1514
5.67835 23.699 44.6023 0 0.121002 9.41421 0 4.7287 1.22809 0 29.8656 18.4551 1000 0 0 30.0002 21.1514
5.67804 23.699 44.6023 0 0.120994 9.41379 0 4.72845 1.22802 0 29.8656 18.4551 1000 0 0 30.435 21.1514
2.67773 20.699 41.6023 3.87672 0 1.41337 2.46388 5.72821 0 0 27.8656 19.4551 1000 0 0 30.435 21.1514
2.67759 20.699 41.6023 3.87646 0 1.41331 2.46374 5.72791 0 0 27.8656 19.4551 1000 0 0 30.435 21.1514
2.67744 20.699 41.6023 3.87619 0 1.41325 2.4636 5.72762 0 0 27.8656 19.4551 1000 0 0 30.435 21.1514
2.6773 22.699 44.6023 1.87593 0 13.4132 0 9.72732 4.22846 3.42035 31.8656 20.4551 1000 0 0 30.435 21.1514
2.67716 22.699 44.6023 1.8758 0 13.4132 0 9.72682 4.2282 3.42024 31.8656 20.4551 1000 0 0 30.435 21.1514
0.67701 22.699 42.6023 4.87567 1.12171 0 0.463746 5.72632 0.227934 0.42013 34.8656 16.4551 1000 0 0 30.435 21.1514
0 0 0 0 0 0 0 0 0 0 0 0 1000 0 0 30.435 21.1514
0.676974 22.699 42.6023 4.87534 1.12164 0 0.46372 5.72602 0.22792 0.420117 34.8656 16.4551 1000 0 0 30.435 21.1514
1.67694 13.699 44.6023 0.875002 0.121569 5.41323 2.46369 6.72573 0 0 27.8656 17.4551 1000 0 0 30.435 21.1514
1.67685 13.699 44.6023 0.874942 0.121562 5.41299 2.46355 6.72538 0 0 27.8656 17.4551 1000 0 0 30.435 21.1514
1.67676 18.699 43.6023 3.87488 0.121554 6.41275 0.463415 2.72503 0 1.42052 29.8656 19.4551 1000 0 0 30.435 21.1514
1.67666 18.699 43.6023 3.87462 0.121546 6.41247 0.463389 2.72489 0 1.42047 29.8656 19.4551 1000 0 0 30.435 21.1514
1.67657 18.699 43.6023 3.87435 0.121538 6.41218 0.463362 2.72475 0 1.42043 29.8656 19.4551 1000 0 0 30.435 21.1514
2.67648 16.699 45.6023 1.87409 0 1.4119 0.463336 7.72461 0 0.420383 27.8656 20.4551 1000 0 0 30.435 21.1514
2.67634 16.699 45.6023 1.87396 0 1.41184 0.46331 7.72421 0 0.42037 27.8656 20.4551 1000 0 0 30.435 21.1514
2.67619 16.699 45.6023 1.87383 0 1.41177 0.463284 7.72381 0 0.420357 27.8656 20.4551 1000 0 0 30.435 21.1514
1.67605 14.699 40.6023 3.8737 4.1217 4.41171 2.46326 5.72341 0 0 28.8656 15.4551 1000 0 0 30.435 21.1514
1.67596 14.699 40.6023 3.87344 4.12144 4.41152 2.46312 5.72312 0 0 28.8656 15.4551 1000 0 0 30.435 21.1514
0 14.699 42.6023 1.87317 0 7.41132 4.46298 7.72282 0.228818 0 29.8656 19.4551 1000 0 0 30.435 21.1514
0 14.699 42.6023 1.87304 0 7.41099 4.46273 7.72242 0.228804 0 29.8656 19.4551 1000 0 0 30.435 21.1514
3.67601 19.699 43.6023 1.87292 1.12129 6.41066 1.46247 9.72202 4.22879 0 27.8656 14.4551 1000 0 0 30.435 21.1514
3.67581 19.699 43.6023 1.87279 1.12121 6.41038 1.46239 9.72152 4.22853 0 27.8656 14.4551 1000 0 0 30.435 21.1514
3.67561 19.699 43.6023 1.87266 1.12114 6.41009 1.46231 9.72102 4.22827 0 27.8656 14.4551 1000 0 0 30.435 21.1514
5.67541 17.699 48.6023 3.87253 1.12107 7.40981 0.462226 9.72052 2.228 1.42145 21.8656 21.4551 1000 0 0 30.435 21.1514
5.67511 17.699 48.6023 3.87227 1.121 7.40948 0.4622 9.72002 2.22787 1.4214 21.8656 21.4551 1000 0 0 30.435 21.1514
0 14.699 42.6023 2.872 4.12093 7.40915 0 0 1.22773 0 26.8656 18.4551 1000 0 0 30.8698 21.1514
0 14.699 42.6023 2.8718 4.12067 7.40882 0 0 1.22765 0 26.8656 18.4551 1000 0 0 30.435 21.1514
0 14.699 42.6023 2.87161 4.1204 7.40849 0 0 1.22757 0 26.8656 18.4551 1000 0 0 30.435 21.1514
5.67501 19.699 49.6023 3.87141 1.12014 7.40816 0 8.71956 0.227499 1.42151 29.8656 16.4551 1000 0 0 30.435 21.1514
5.67471 19.699 49.6023 3.87115 1.12007 7.40783 0 8.71911 0.227485 1.42146 29.8656 16.4551 1000 0 0 30.435 21.1514
0 12.699 44.6023 1.87088 0 0 2.46261 6.71866 0.227471 0 30.8656 14.4551 1000 0 0 30.8698 21.1514
0 12.699 44.6023 1.87075 0 0 2.46247 6.71831 0.227457 0 30.8656 14.4551 1000 0 0 30.8698 21.5831
0 12.699 44.6023 1.87063 0 0 2.46233 6.71796 0.227443 0 30.8656 14.4551 1000 0 0 30.8698 21.1514
0 15.699 40.6023 0 0.120167 6.40758 4.46219 4.71762 0 0 29.8656 20.4551 1000 0 0 30.8698 21.1514
0 15.699 40.6023 0 0.120159 6.4073 4.46194 4.71737 0 0 29.8656 20.4551 1000 0 0 30.8698 21.1514
7.67498 12.699 44.6023 1.87065 1.12015 4.40702 2.46169 5.71713 0 0 28.8656 14.4551 1000 0 0 30.8698 21.1514
7.67456 12.699 44.6023 1.87052 1.12008 4.40682 2.46155 5.71683 0 0 28.8656 14.4551 1000 0 0 30.8698 21.5831
7.67414 12.699 44.6023 1.8704 1.12001 4.40662 2.46141 5.71654 0 0 28.8656 14.4551 1000 0 0 30.8698 21.5831
0.673729 14.699 41.6023 0.870268 0 6.40643 2.46127 14.7162 0.22804 0 31.8656 13.4551 1000 0 0 30.8698 21.1514
0.673693 14.699 41.6023 0.870209 0 6.40614 2.46113 14.7162 0.228025 0 31.8656 13.4551 1000 0 0 30.8698 21.1514
0 12.699 42.6023 0 0 7.40586 2.46099 6.71624 0 0 30.8656 18.4551 1000 0 0 30.8698 21.5831
0 12.699 42.6023 0 0 7.40553 2.46085 6.7159 0 0 30.8656 18.4551 1000 0 0 30.8698 21.1514
0 12.699 42.6023 0 0 7.4052 2.46071 6.71555 0 0 30.8656 18.4551 1000 0 0 30.8698 21.1514
5.67403 14.699 40.6023 3.87018 3.12034 5.40487 3.46057 6.7152 5.22834 0 27.8656 14.4551 1000 0 0 30.8698 21.1514
5.67373 14.699 40.6023 3.86991 3.12015 5.40463 3.46038 6.71486 5.22802 0 27.8656 14.4551 1000 0 0 30.8698 21.1514
3.67342 14.699 44.6023 4.86965 3.11995 8.40439 0 7.71451 0 0.424834 32.8656 22.4551 1000 0 0 30.8698 21.1514
3.67322 14.699 44.6023 4.86931 3.11975 8.40402 0 7.71411 0 0.42482 32.8656 22.4551 1000 0 0 30.8698 21.1514
3.67302 14.699 44.6023 4.86898 3.11955 8.40365 0 7.71371 0 0.424807 32.8656 22.4551 1000 0 0 30.8698 21.1514
4.67282 17.699 46.6023 1.86865 5.11935 8.40327 1.46027 7.71331 0.227836 0 37.8656 25.4551 1000 0 0 30.8698 21.1514
4.67257 17.699 46.6023 1.86852 5.11903 8.4029 1.46019 7.71292 0.227822 0 37.8656 25.4551 1000 0 0 30.8698 21.1514
0 14.699 44.6023 1.86839 2.1187 6.40253 1.46011 8.71252 0 0 29.8656 18.4551 1000 0 0 30.8698 21.5831
0 14.699 44.6023 1.86826 2.11856 6.40224 1.46002 8.71207 0 0 29.8656 18.4551 1000 0 0 30.8698 21.1514
0 14.699 44.6023 1.86814 2.11843 6.40196 1.45994 8.71162 0 0 29.8656 18.4551 1000 0 0 30.8698 21.1514
2.67237 12.699 44.6023 4.86801 2.1183 3.40167 2.45986 3.71117 0 0 32.8656 12.4551 1000 0 0 30.8698 21.5831
2.67223 12.699 44.6023 4.86767 2.11816 3.40152 2.45972 3.71098 0 0 32.8656 12.4551 1000 0 0 30.8698 21.1514
3.67208 18.699 49.6023 0 0 5.40137 0.459582 8.71078 1.22848 0 25.8656 16.4551 1000 0 0 30.8698 21.1514
3.67188 18.699 49.6023 0 0 5.40113 0.459556 8.71033 1.2284 0 25.8656 16.4551 1000 0 0 30.8698 21.1514
3.67168 18.699 49.6023 0 0 5.40089 0.45953 8.70989 1.22833 0 25.8656 16.4551 1000 0 0 30.8698 21.1514
0.671486 13.699 43.6023 3.86737 0.118194 11.4007 2.4595 10.7094 0.228253 0 32.8656 14.4551 1000 0 0 30.8698 21.1514
0.671449 13.699 43.6023 3.8671 0.118186 11.4001 2.45936 10.7089 0.228239 0 32.8656 14.4551 1000 0 0 30.8698 21.1514
3.67141 14.699 44.6023 0 2.11818 12.3996 1.45923 6.70833 0.228224 0 35.8656 19.4551 1000 0 0 30.8698 21.1514
3.67121 14.699 44.6023 0 2.11804 12.3996 1.45914 6.70798 0.22821 0 35.8656 19.4551 1000 0 0 30.8698 21.1514
3.67102 14.699 44.6023 0 2.11791 12.3996 1.45906 6.70764 0.228196 0 35.8656 19.4551 1000 0 0 30.8698 21.1514
0 6.69905 39.6023 0 0.117774 1.39964 6.45898 2.70729 0 0 26.8656 8.4551 1000 0 0 30.8698 21.1514
0 6.69876 39.6023 0 0.117767 1.39958 6.45861 2.70715 0 0 26.8656 8.45473 1000 0 0 30.8698 21.1514
7.67107 17.6985 46.6023 3.86723 4.11776 10.3995 1.45825 9.70701 1.2289 0 33.8656 16.4543 1000 0 0 30.8698 21.1514
7.67065 17.6985 46.6023 3.86696 4.1175 10.3991 1.45816 9.70651 1.22882 0 33.8656 16.4543 1000 0 0 30.8698 21.1514
7.67024 17.6985 46.6023 3.8667 4.11723 10.3986 1.45808 9.70601 1.22875 0 33.8656 16.4543 1000 0 0 30.8698 21.1514
1.66982 7.69848 41.6023 4.86643 0 9.39813 3.458 0 0.228669 0 30.8656 9.45435 1000 0 0 30.8698 21.1514
1.66973 7.69815 41.6023 4.8661 0 9.39771 3.4578 0 0.228655 0 30.8656 9.45392 1000 0 0 30.8698 21.1514
3.66964 16.6978 46.6023 3.86577 3.11708 8.3973 1.45761 5.70554 0.228641 0 33.8656 18.4535 1000 0 0 30.8698 21.1514
3.66944 16.6978 46.6023 3.8655 3.11689 8.39692 1.45753 5.70524 0.228626 0 33.8656 18.4535 1000 0 0 30.8698 21.1514
3.66925 16.6978 46.6023 3.86524 3.11669 8.39655 1.45744 5.70495 0.228612 0 33.8656 18.4535 1000 0 0 30.8698 21.1514
3.66905 13.6978 44.6023 0.864973 1.11649 7.39618 3.45736 4.70465 0 0 28.8656 16.4535 1000 0 0 30.8698 21.1514
3.66885 13.6978 44.6023 0.864914 1.11642 7.39585 3.45717 4.70441 0 0 28.8656 16.4535 1000 0 0 30.8698 21.1514
1.66865 16.6978 41.6023 1.86486 0 8.39552 4.45697 8.70417 0 0 31.8656 15.4535 1000 0 0 30.8698 21.1514
1.66856 16.6978 41.6023 1.86473 0 8.39515 4.45672 8.70372 0 0 31.8656 15.4535 1000 0 0 30.8698 21.1514
1.66847 16.6978 41.6023 1.8646 0 8.39478 4.45647 8.70327 0 0 31.8656 15.4535 1000 0 0 30.8698 21.1514
0.668379 7.69782 40.6023 0.864472 2.11728 4.3944 2.45621 3.70282 0.228837 0 32.8656 15.4535 1000 0 0 30.8698 21.5831
0.668343 7.6975 40.6023 0.864413 2.11715 4.39421 2.45608 3.70263 0.228823 0 32.8656 15.4535 1000 0 0 30.8698 21.1514
0 9.69717 42.6023 3.86435 0 0.394013 6.45594 8.70244 0 0 29.8656 12.4535 1000 0 0 30.8698 21.1514
0 9.69676 42.6023 3.86409 0 0.393996 6.45557 8.70199 0 0 29.8656 12.4535 1000 0 0 30.8698 21.5831
0 9.69635 42.6023 3.86383 0 0.393978 6.45521 8.70154 0 0 29.8656 12.4535 1000 0 0 30.8698 21.1514
0 14.6959 46.6023 5.86356 0 4.39396 0 2.70109 0 0 31.8656 12.4535 1000 0 0 30.8698 21.5831
0 14.6959 46.6023 5.86316 0 4.39377 0 2.70095 0 0 31.8656 12.4535 1000 0 0 30.8698 21.1514
0 11.6959 40.6023 2.86276 2.11767 5.39357 2.45502 3.70081 0.229915 0 29.8656 16.4535 1000 0 0 30.8698 21.1514
0 11.6954 40.6023 2.86256 2.11754 5.39333 2.45488 3.70062 0.229901 0 29.8656 16.4535 1000 0 0 30.8698 21.5831
0 11.6949 40.6023 2.86237 2.1174 5.39309 2.45474 3.70043 0.229887 0 29.8656 16.4535 1000 0 0 30.8698 21.1514
2.66905 13.6944 47.6023 0 4.11727 10.3929 0 5.70024 1.22987 0 31.8656 18.4535 1000 0 0 30.8698 21.1514
2.6689 13.6944 47.6023 0 4.11701 10.3924 0 5.69994 1.2298 0 31.8656 18.4535 1000 0 0 30.8698 21.1514
1.66876 21.6944 46.6023 2.86246 0 5.39193 0 7.69965 4.22972 5.42964 38.8656 17.4535 1000 0 0 30.8698 21.1514
1.66867 21.6944 46.6023 2.86227 0 5.39169 0 7.69925 4.22946 5.42947 38.8656 17.4535 1000 0 0 30.8698 21.1514
1.66858 21.6944 46.6023 2.86207 0 5.39145 0 7.69885 4.2292 5.4293 38.8656 17.4535 1000 0 0 30.8698 21.1514
0.668486 12.6944 41.6023 0 0.117105 2.39121 5.45572 3.69845 0 0 22.8656 15.4535 1000 0 0 30.8698 21.5831
0.668449 12.6944 41.6023 0 0.117097 2.39111 5.45541 3.69826 0 0 22.8656 15.4535 1000 0 0 30.8698 21.1514
3.66841 19.6944 50.6023 0.861894 3.11709 8.391 1.4551 2.69807 0 0 35.8656 11.4535 1000 0 0 30.8698 21.1514
3.66821 19.6944 50.6023 0.861836 3.11689 8.39063 1.45502 2.69793 0 0 35.8656 11.453 1000 0 0 30.8698 21.1514
3.66802 19.6944 50.6023 0.861777 3.11669 8.39025 1.45493 2.69779 0 0 35.8656 11.4525 1000 0 0 30.8698 21.1514
3.66782 16.6944 48.6023 2.86172 0.116494 4.38988 1.45485 2.69765 3.22917 0 32.8656 11.452 1000 0 0 30.8698 21.1514
3.66762 16.6944 48.6023 2.86152 0.116487 4.38969 1.45477 2.69751 3.22897 0 32.8656 11.4514 1000 0 0 30.8698 21.1514
0 12.6944 45.6023 3.86133 0.116479 3.38949 3.45469 6.69738 3.22877 0 29.8656 14.4509 1000 0 0 30.8698 21.1514
0 12.6944 45.6023 3.86106 0.116472 3.38934 3.45449 6.69703 3.22857 0 29.8656 14.4509 1000 0 0 30.8698 21.1514
0 12.6944 45.6023 3.8608 0.116465 3.38919 3.4543 6.69668 3.22837 0 29.8656 14.4509 1000 0 0 30.8698 21.1514
0.667475 13.6944 41.6023 3.86053 1.11646 5.38904 2.4541 7.69634 0 0 28.8656 19.4509 1000 0 0 30.8698 21.1514
0.667439 13.6944 41.6023 3.86027 1.11639 5.3888 2.45396 7.69594 0 0 28.8656 19.4509 1000 0 0 30.8698 21.1514
1.6674 11.6944 38.6023 0.860005 4.11631 8.38856 3.45382 3.69554 0 0 30.8656 16.4509 1000 0 0 30.8698 21.5831
1.66731 11.694 38.6023 0.859946 4.11605 8.38819 3.45363 3.69535 0 0 30.8656 16.4509 1000 0 0 30.8698 21.1514
1.66722 11.6935 38.6023 0.859887 4.11579 8.38782 3.45343 3.69516 0 0 30.8656 16.4509 1000 0 0 30.8698 21.1514
0 18.693 44.6023 3.85983 2.11553 6.38744 0 9.69497 2.22891 0 27.8656 15.4509 1000 0 0 30.8698 21.1514
0 18.693 44.6023 3.85956 2.11539 6.38716 0 9.69447 2.22877 0 27.8656 15.4509 1000 0 0 30.8698 21.1514
5.66717 17.693 46.6023 1.8593 1.11526 11.3869 0 11.694 4.22863 4.43144 29.8656 19.4509 1000 0 0 31.3046 21.1514
5.66686 17.693 46.6023 1.85917 1.11519 11.3864 0 11.694 4.22837 4.43131 29.8656 19.4509 1000 0 0 30.8698 21.1514
5.66655 17.693 46.6023 1.85905 1.11512 11.3859 0 11.694 4.22811 4.43117 29.8656 19.4509 1000 0 0 30.8698 21.1514
2.66625 19.693 44.6023 3.85892 2.11505 7.38536 0.45407 10.694 0 0 29.8656 16.4509 1000 0 0 30.8698 21.1514
2.6661 19.693 44.6023 3.85865 2.11491 7.38503 0.454044 10.6934 0 0 29.8656 16.4509 1000 0 0 30.8698 21.1514
0 10.693 44.6023 0 0 4.3847 2.45402 8.69286 0 0 21.8656 12.4509 1000 0 0 30.8698 21.1514
0 10.6925 44.6023 0 0 4.38451 2.45388 8.69242 0 0 21.8656 12.4509 1000 0 0 30.8698 21.1514
0 13.6921 43.6023 1.85868 0 3.38432 4.45374 13.692 0.228284 0 29.8656 15.4509 1000 0 0 30.8698 21.1514
0 13.6921 43.6023 1.85856 0 3.38417 4.45349 13.692 0.22827 0 29.8656 15.4509 1000 0 0 30.8698 21.5831
0 13.6921 43.6023 1.85843 0 3.38401 4.45324 13.692 0.228255 0 29.8656 15.4509 1000 0 0 30.8698 21.5831
5.66627 14.6921 43.6023 5.8583 0 2.38386 1.45299 4.69197 4.22824 0.431875 29.8656 14.4509 1000 0 0 30.8698 21.1514
5.66596 14.6921 43.6023 5.8579 0 2.38376 1.4529 4.69172 4.22798 0.431862 29.8656 14.4509 1000 0 0 30.8698 21.1514
2.66565 18.6921 46.6023 0.8575 0.11549 8.38365 0 5.69148 2.22772 0 29.8656 18.4509 1000 0 0 30.8698 21.1514
2.66551 18.6921 46.6023 0.857442 0.115482 8.38328 0 5.69119 2.22758 0 29.8656 18.4509 1000 0 0 30.8698 21.1514
2.66536 18.6921 46.6023 0.857383 0.115475 8.38291 0 5.69089 2.22744 0 29.8656 18.4509 1000 0 0 30.8698 21.1514
1.66522 13.6921 40.6023 2.85732 0.115468 5.38254 2.45291 5.6906 0 0 31.8656 15.4509 1000 0 0 30.8698 21.1514
1.66513 13.6921 40.6023 2.85713 0.11546 5.3823 2.45278 5.69031 0 0 31.8656 15.4509 1000 0 0 30.8698 21.5831
6.66504 18.6921 48.6023 2.85693 0.115453 8.38206 0.452637 10.69 0 0 33.8656 9.45094 1000 0 0 30.8698 21.1514
6.66468 18.6921 48.6023 2.85674 0.115446 8.38169 0.452611 10.6895 0 0 33.8656 9.45051 1000 0 0 30.8698 21.1514
6.66432 18.6921 48.6023 2.85654 0.115438 8.38131 0.452585 10.6889 0 0 33.8656 9.45009 1000 0 0 30.8698 21.1514
0 11.6921 42.6023 0 0 3.38094 8.45256 6.68836 0 0 29.8656 12.4497 1000 0 0 30.8698 21.1514
0 11.6916 42.6023 0 0 3.38079 8.45208 6.68801 0 0 29.8656 12.4497 1000 0 0 30.8698 21.5831
0 16.6911 41.6023 0 4.11567 10.3806 0 6.68767 3.22857 0.433347 28.8656 13.4497 1000 0 0 30.8698 21.5831
0 16.6911 41.6023 0 4.11541 10.3802 0 6.68732 3.22837 0.433334 28.8656 13.4497 1000 0 0 30.8698 21.1514
0 16.6911 41.6023 0 4.11515 10.3797 0 6.68698 3.22817 0.43332 28.8656 13.4497 1000 0 0 30.8698 21.1514
0 13.6911 43.6023 0 3.11488 9.37926 0 12.6866 2.22797 0 29.8656 18.4497 1000 0 0 31.3046 21.5831
0 13.6911 43.6023 0 3.11469 9.37884 0 12.6866 2.22783 0 29.8656 18.4497 1000 0 0 31.3046 21.1514
2.66473 10.6911 40.6023 0.856689 0 5.37843 5.45193 6.68663 0.227691 0 27.8656 14.4497 1000 0 0 31.3046 21.1514
2.66459 10.6906 40.6023 0.856631 0 5.37819 5.45162 6.68628 0.227677 0 27.8656 14.4497 1000 0 0 31.3046 21.1514
2.66445 10.6902 40.6023 0.856572 0 5.37795 5.45131 6.68594 0.227663 0 27.8656 14.4497 1000 0 0 31.3046 21.5831
1.6643 9.6897 41.6023 1.85651 0 4.37771 2.451 6.68559 0 0 28.8656 12.4497 1000 0 0 31.3046 21.5831
1.66421 9.68929 41.6023 1.85639 0 4.37752 2.45086 6.68525 0 0 28.8656 12.4497 1000 0 0 31.3046 21.1514
0 10.6889 45.6023 3.85626 0 7.37732 5.45073 10.6849 0 0 31.8656 19.4497 1000 0 0 31.3046 21.1514
0 10.6884 45.6023 3.856 0 7.37699 5.45042 10.6844 0 0 31.8656 19.4497 1000 0 0 31.3046 21.1514
0 10.688 45.6023 3.85573 0 7.37667 5.45011 10.6838 0 0 31.8656 19.4497 1000 0 0 31.3046 21.1514
2.6645 9.68752 45.6023 4.85547 1.11513 6.37634 1.4498 8.68325 1.22863 4.43465 27.8656 16.4497 1000 0 0 31.3046 21.1514
2.66436 9.6871 45.6023 4.85514 1.11506 6.37606 1.44972 8.6828 1.22856 4.43451 27.8656 16.4497 1000 0 0 31.3046 21.1514
0 19.6867 46.6023 2.8548 0 8.37577 0 4.68235 1.22848 2.43437 28.8656 21.4497 1000 0 0 31.3046 21.1514
0 19.6867 46.6023 2.85461 0 8.3754 0 4.68211 1.2284 2.43429 28.8656 21.4497 1000 0 0 31.3046 21.5831
0 19.6867 46.6023 2.85441 0 8.37503 0 4.68187 1.22833 2.43422 28.8656 21.4497 1000 0 0 31.3046 21.1514
4.66443 15.6867 45.6023 5.85422 4.11516 2.37466 0 12.6816 1.22825 0.43414 27.8656 13.4497 1000 0 0 31.3046 21.5831
4.66418 15.6867 45.6023 5.85382 4.1149 2.37455 0 12.6816 1.22818 0.434126 27.8656 13.4497 1000 0 0 31.3046 21.1514
0 14.6867 44.6023 2.85342 2.11463 6.37445 0 4.68163 2.2281 4.43411 24.8656 13.4497 1000 0 0 31.3046 21.1514
0 14.6867 44.6023 2.85322 2.1145 6.37416 0 4.68138 2.22796 4.43397 24.8656 13.4497 1000 0 0 31.3046 21.1514
0 14.6867 44.6023 2.85303 2.11436 6.37388 0 4.68114 2.22782 4.43383 24.8656 13.4497 1000 0 0 31.3046 21.1514
0.663979 16.6867 49.6023 1.85283 0.114229 4.3736 0 9.6809 1.22768 1.43369 30.8656 16.4497 1000 0 0 31.3046 21.1514
0.663943 16.6867 49.6023 1.8527 0.114222 4.3734 0 9.6804 1.22761 1.43365 30.8656 16.4497 1000 0 0 31.3046 21.1514
7.66391 15.6867 44.6023 0.852577 0 8.37321 0 11.6799 4.22753 0.433604 29.8656 16.4497 1000 0 0 31.3046 21.1514
7.66349 15.6867 44.6023 0.852518 0 8.37284 0 11.6799 4.22727 0.43359 29.8656 16.4497 1000 0 0 31.3046 21.1514
7.66308 15.6867 44.6023 0.85246 0 8.37246 0 11.6799 4.22701 0.433577 29.8656 16.4497 1000 0 0 31.3046 21.1514
0 8.68669 42.6023 1.8524 1.11477 10.3721 4.45089 8.6799 0 0 31.8656 14.4497 1000 0 0 31.3046 21.1514
0 8.68633 42.6023 1.85227 1.11469 10.3716 4.45064 8.67945 0 0 31.8656 14.4497 1000 0 0 31.3046 21.1514
0 15.686 39.6023 3.85215 0.114624 3.37117 2.45039 8.679 0 0 32.8656 10.4497 1000 0 0 31.3046 21.1514
0 15.686 39.6023 3.85188 0.114617 3.37102 2.45025 8.67856 0 0 32.8656 10.4492 1000 0 0 31.3046 21.1514
0 15.686 39.6023 3.85162 0.114609 3.37087 2.45011 8.67811 0 0 32.8656 10.4487 1000 0 0 31.3046 21.1514
3.66275 13.686 47.6023 1.85136 0 10.3707 0 1.67766 0.22742 1.43438 29.8656 16.4483 1000 0 0 31.3046 21.1514
0 0 0 0 0 0 0 0 0 0 0 0 1000 0 0 31.3046 21.1514
3.66256 13.686 47.6023 1.85123 0 10.3703 0 1.67757 0.227406 1.43433 29.8656 16.4483 1000 0 0 31.3046 21.5831
3.66236 10.686 45.6023 2.8511 2.11484 7.3698 0.450033 7.67749 2.22739 0 33.8656 18.4483 1000 0 0 31.3046 21.1514
3.66216 10.6855 45.6023 2.85091 2.11471 7.36948 0.450008 7.67709 2.22725 0 33.8656 18.4483 1000 0 0 31.3046 21.1514
0 10.685 44.6023 4.85071 2.11457 4.36915 2.44998 8.67669 0.227116 0 29.8656 13.4483 1000 0 0 31.3046 21.1514
0 10.6846 44.6023 4.85038 2.11444 4.36895 2.44984 8.67625 0.227102 0 29.8656 13.4483 1000 0 0 31.3046 21.1514
0 10.6841 44.6023 4.85005 2.1143 4.36876 2.44971 8.6758 0.227088 0 29.8656 13.4483 1000 0 0 31.3046 21.1514
2.66218 18.6837 42.6023 0 3.11417 8.36857 0.449567 4.67535 3.22707 2.43525 27.8656 21.4483 1000 0 0 31.3046 21.1514
2.66203 18.6837 42.6023 0 3.11397 8.36819 0.449541 4.67511 3.22687 2.43518 27.8656 21.4483 1000 0 0 31.3046 21.1514
0.66189 13.6837 45.6023 0.849739 4.11377 4.36782 4.44952 7.67487 0 0 31.8656 15.4483 1000 0 0 31.3046 21.1514
0.661854 13.6837 45.6023 0.849681 4.11351 4.36763 4.44926 7.67447 0 0 31.8656 15.4483 1000 0 0 31.3046 21.1514
0.661818 13.6837 45.6023 0.849622 4.11325 4.36743 4.44901 7.67407 0 0 31.8656 15.4483 1000 0 0 31.3046 21.1514
1.66178 14.6837 47.6023 3.84956 2.11299 6.36724 0.448761 6.67368 2.22756 0 27.8656 16.4483 1000 0 0 31.3046 21.1514
1.66169 14.6837 47.6023 3.8493 2.11285 6.36696 0.448736 6.67333 2.22742 0 27.8656 16.4483 1000 0 0 31.3046 21.1514
0.661603 11.6837 44.6023 0.849038 0 7.36668 2.44871 6.67299 0 0 29.8656 12.4483 1000 0 0 31.3046 21.5831
0.661567 11.6832 44.6023 0.848979 0 7.36635 2.44857 6.67264 0 0 29.8656 12.4483 1000 0 0 31.3046 21.1514
0.661531 11.6827 44.6023 0.848921 0 7.36602 2.44843 6.6723 0 0 29.8656 12.4483 1000 0 0 31.3046 21.5831
0 12.6822 42.6023 1.84886 0 5.36569 3.44829 7.67195 1.2278 0 30.8656 15.4483 1000 0 0 31.3046 21.1514
0 12.6822 42.6023 1.84874 0 5.36546 3.4481 7.67156 1.22772 0 30.8656 15.4483 1000 0 0 31.3046 21.1514
2.66153 9.6822 44.6023 0 0 7.36522 2.4479 5.67116 0 0 31.8656 11.4483 1000 0 0 31.3046 21.1514
2.66139 9.68179 44.6023 0 0 7.36489 2.44777 5.67087 0 0 31.8656 11.4478 1000 0 0 31.3046 21.1514
2.66124 9.68138 44.6023 0 0 7.36456 2.44763 5.67058 0 0 31.8656 11.4472 1000 0 0 31.3046 21.1514
2.6611 11.681 50.6023 3.84905 1.11349 7.36424 0.447489 13.6703 0 0 24.8656 17.4467 1000 0 0 31.3046 21.1514
2.66096 11.6805 50.6023 3.84879 1.11342 7.36391 0.447464 13.6703 0 0 24.8656 17.4467 1000 0 0 31.3046 21.5831
1.66081 17.68 47.6023 2.84853 2.11335 6.36358 1.44744 7.67028 1.22826 0.437097 31.8656 14.4467 1000 0 0 31.3046 21.1514
1.66072 17.68 47.6023 2.84833 2.11321 6.3633 1.44736 7.66989 1.22818 0.437084 31.8656 14.4467 1000 0 0 31.3046 20.7198
1.66063 17.68 47.6023 2.84814 2.11308 6.36302 1.44728 7.66949 1.22811 0.43707 31.8656 14.4467 1000 0 0 31.3046 21.5831
3.66054 15.68 48.6023 2.84794 1.11294 5.36274 1.44719 5.66909 0.228031 0 28.8656 14.4467 1000 0 0 31.3046 21.1514
3.66034 15.68 48.6023 2.84775 1.11287 5.3625 1.44711 5.6688 0.228017 0 28.8656 14.4467 1000 0 0 31.3046 21.1514
2.66015 7.67998 43.6023 2.84755 3.1128 7.36226 5.44703 10.6685 2.228 0 24.8656 19.4467 1000 0 0 31.3046 21.1514
2.66 7.67965 43.6023 2.84736 3.1126 7.36193 5.44672 10.668 2.22786 0 24.8656 19.4467 1000 0 0 31.3046 21.1514
1.65986 12.6793 44.6023 1.84716 0.112404 2.36161 3.44641 8.66741 0 0 26.8656 10.4467 1000 0 0 31.3046 21.1514
1.65977 12.6793 44.6023 1.84703 0.112397 2.3615 3.44622 8.66696 0 0 26.8656 10.4463 1000 0 0 31.3046 21.1514
1.65968 12.6793 44.6023 1.84691 0.11239 2.3614 3.44602 8.66651 0 0 26.8656 10.4458 1000 0 0 31.3046 21.1514
4.65959 16.6793 46.6023 2.84678 5.11238 9.36129 0.445829 10.6661 2.22787 1.43759 31.8656 16.4453 1000 0 0 31.3046 21.1514
4.65934 16.6793 46.6023 2.84659 5.11206 9.36088 0.445803 10.6655 2.22773 1.43754 31.8656 16.4453 1000 0 0 31.3046 21.1514
2.65908 20.6793 49.6023 4.84639 4.11173 9.36046 0 5.66496 3.22759 3.4375 30.8656 15.4453 1000 0 0 31.3046 21.5831
2.65894 20.6793 49.6023 4.84606 4.11147 9.36004 0 5.66467 3.22739 3.43739 30.8656 15.4453 1000 0 0 31.3046 21.1514
2.6588 20.6793 49.6023 4.84573 4.11121 9.35963 0 5.66438 3.22719 3.43728 30.8656 15.4453 1000 0 0 31.3046 21.5831
0 10.6793 46.6023 2.8454 0.110946 5.35921 2.44638 7.66409 2.22699 0 30.8656 10.4453 1000 0 0 31.3046 21.1514
0 10.6789 46.6023 2.8452 0.110939 5.35898 2.44624 7.66369 2.22686 0 30.8656 10.4449 1000 0 0 31.3046 21.1514
4.65891 10.6784 39.6023 3.84501 0 6.35874 3.4461 14.6633 0 0 23.8656 14.4444 1000 0 0 31.3046 21.1514
4.65865 10.678 39.6023 3.84474 0 6.35845 3.44591 14.6633 0 0 23.8656 14.4444 1000 0 0 31.3046 21.1514
4.6584 10.6775 39.6023 3.84448 0 6.35817 3.44571 14.6633 0 0 23.8656 14.4444 1000 0 0 31.3046 21.1514
0 10.6771 47.6023 0 0.111293 7.35789 5.44552 10.6633 0.227048 0 34.8656 14.4444 1000 0 0 31.3046 21.1514
0 10.6766 47.6023 0 0.111286 7.35756 5.44521 10.6627 0.227034 0 34.8656 14.4444 1000 0 0 31.3046 21.1514
2.65851 12.6762 45.6023 0 2.11128 5.35724 0 6.66219 0.227019 0 26.8656 13.4444 1000 0 0 31.3046 21.1514
2.65837 12.6762 45.6023 0 2.11114 5.357 0 6.66185 0.227005 0 26.8656 13.4444 1000 0 0 31.3046 21.1514
2.65822 12.6762 45.6023 0 2.11101 5.35676 0 6.6615 0.226991 0 26.8656 13.4444 1000 0 0 31.3046 21.1514
0 14.6762 47.6023 2.84489 0 3.35652 4.445 5.66116 0.226977 0 27.8656 12.4444 1000 0 0 31.3046 21.1514
0 14.6762 47.6023 2.84469 0 3.35637 4.44475 5.66087 0.226963 0 27.8656 12.4444 1000 0 0 31.3046 21.1514
4.65822 10.6762 47.6023 0.844498 1.11099 5.35623 0.444495 2.66058 0 0 30.8656 13.4444 1000 0 0 31.3046 21.5831
4.65797 10.6757 47.6023 0.844441 1.11092 5.35599 0.44447 2.66044 0 0 30.8656 13.4444 1000 0 0 31.3046 21.1514
4.65772 10.6752 47.6023 0.844383 1.11085 5.35575 0.444445 2.6603 0 0 30.8656 13.4444 1000 0 0 31.3046 21.1514
4.65747 13.6748 46.6023 2.84432 2.11078 7.35551 0 6.66016 2.22709 0 29.8656 15.4444 1000 0 0 31.3046 21.1514
4.65722 13.6748 46.6023 2.84413 2.11064 7.35519 0 6.65982 2.22695 0 29.8656 15.4444 1000 0 0 31.3046 21.1514
1.65696 14.6748 45.6023 2.84394 1.11051 1.35486 4.4446 8.65948 2.22682 0 27.8656 14.4444 1000 0 0 31.3046 21.1514
1.65687 14.6748 45.6023 2.84374 1.11044 1.3548 4.44434 8.65903 2.22668 0 27.8656 14.4444 1000 0 0 31.3046 21.1514
1.65679 14.6748 45.6023 2.84355 1.11037 1.35474 4.44409 8.65858 2.22654 0 27.8656 14.4444 1000 0 0 31.3046 21.1514
2.6567 13.6748 44.6023 3.84335 3.1103 9.35468 2.44384 3.65813 1.2264 0 29.8656 13.4444 1000 0 0 31.3046 21.1514
2.65655 13.6748 44.6023 3.84309 3.1101 9.35426 2.4437 3.65795 1.22633 0 29.8656 13.4444 1000 0 0 31.3046 21.1514
0 11.6748 44.6023 2.84283 0 6.35385 2.44357 3.65776 0 0 28.8656 9.44439 1000 0 0 31.3046 21.1514
0 11.6743 44.6023 2.84263 0 6.35357 2.44343 3.65757 0 0 28.8656 9.44397 1000 0 0 31.3046 21.1514
0 11.6738 44.6023 2.84244 0 6.35328 2.44329 3.65738 0 0 28.8656 9.44354 1000 0 0 31.3046 21.1514
0 14.6733 40.6023 5.84224 0 4.353 3.44315 10.6572 0 0 28.8656 15.4431 1000 0 0 31.3046 21.1514
0 14.6733 40.6023 5.84184 0 4.35281 3.44296 10.6566 0 0 28.8656 15.4431 1000 0 0 31.3046 21.1514
0 9.67331 44.6023 5.84144 0 3.35261 2.44276 2.65609 0.227172 0 24.8656 12.4431 1000 0 0 31.3046 21.1514
0 9.6729 44.6023 5.84104 0 3.35247 2.44262 2.65595 0.227158 0 24.8656 12.4431 1000 0 0 31.3046 21.5831
0 9.67249 44.6023 5.84064 0 3.35232 2.44249 2.65581 0.227144 0 24.8656 12.4431 1000 0 0 31.3046 21.1514
1.65715 12.6721 38.6023 0.840244 0.11048 8.35217 4.44235 4.65568 0 0 31.8656 12.4431 1000 0 0 31.3046 21.1514
1.65706 12.6721 38.6023 0.840186 0.110473 8.3518 4.4421 4.65544 0 0 31.8656 12.4431 1000 0 0 31.3046 21.1514
2.65697 17.6721 49.6023 1.84013 2.11047 6.35143 0 6.6552 1.2276 0 32.8656 16.4431 1000 0 0 31.3046 21.1514
2.65683 17.6721 49.6023 1.84 2.11033 6.35114 0 6.65485 1.22752 0 32.8656 16.4431 1000 0 0 31.3046 21.1514
2.65668 17.6721 49.6023 1.83988 2.1102 6.35086 0 6.65451 1.22745 0 32.8656 16.4431 1000 0 0 31.3046 21.1514
2.65654 10.6721 47.6023 0 0 7.35058 4.44211 7.65417 2.22737 0 33.8656 10.4431 1000 0 0 31.3046 21.1514
2.6564 10.6716 47.6023 0 0 7.35025 4.44186 7.65377 2.22723 0 33.8656 10.4427 1000 0 0 31.3046 21.1514
2.65625 17.6712 47.6023 0.83991 0.110303 10.3499 1.44161 9.65338 2.22709 0 32.8656 17.4422 1000 0 0 31.3046 21.1514
2.65611 17.6712 47.6023 0.839852 0.110296 10.3495 1.44152 9.65288 2.22696 0 32.8656 17.4422 1000 0 0 31.3046 21.1514
2.65597 17.6712 47.6023 0.839795 0.110289 10.349 1.44144 9.65238 2.22682 0 32.8656 17.4422 1000 0 0 31.3046 21.1514
0.655822 9.67117 43.6023 0 1.11028 8.34855 3.44136 8.65188 3.22668 0 27.8656 18.4422 1000 0 0 31.3046 21.1514
0.655787 9.67076 43.6023 0 1.11021 8.34818 3.44117 8.65143 3.22648 0 27.8656 18.4422 1000 0 0 31.3046 21.1514
3.65575 19.6704 44.6023 0 0 13.3478 0.440973 8.65099 2.22628 0 26.8656 23.4422 1000 0 0 31.3046 21.1514
3.65555 19.6704 44.6023 0 0 13.3478 0.440948 8.65054 2.22614 0 26.8656 23.4422 1000 0 0 31.3046 21.1514
3.65536 19.6704 44.6023 0 0 13.3478 0.440923 8.65009 2.226 0 26.8656 23.4422 1000 0 0 31.3046 21.1514
5.65516 12.6704 54.6023 5.84075 1.11069 11.3478 0 15.6496 2.22587 5.44237 29.8656 14.4422 1000 0 0 31.3046 21.1514
5.65485 12.6704 54.6023 5.84035 1.11062 11.3473 0 15.6496 2.22573 5.4422 29.8656 14.4422 1000 0 0 31.3046 21.5831
1.65455 12.6704 40.6023 1.83995 0 5.3468 4.44119 7.64965 0 0 29.8656 14.4422 1000 0 0 31.3046 21.1514
1.65446 12.6704 40.6023 1.83982 0 5.34656 4.44094 7.64925 0 0 29.8656 14.4422 1000 0 0 31.3046 21.1514
1.65437 12.6704 40.6023 1.8397 0 5.34633 4.44068 7.64886 0 0 29.8656 14.4422 1000 0 0 31.3046 21.1514
7.65428 16.6704 48.6023 5.83957 2.11091 11.3461 1.44043 9.64846 0 0 30.8656 16.4422 1000 0 0 31.3046 21.1514
7.65386 16.6704 48.6023 5.83917 2.11078 11.3456 1.44035 9.64796 0 0 30.8656 16.4422 1000 0 0 31.3046 21.1514
3.65345 12.6704 46.6023 3.83877 0.110644 13.3451 1.44027 7.64746 0 2.44259 27.8656 10.4422 1000 0 0 31.3046 21.1514
3.65325 12.6704 46.6023 3.83851 0.110637 13.3451 1.44019 7.64707 0 2.44251 27.8656 10.4417 1000 0 0 31.3046 21.1514
3.65305 12.6704 46.6023 3.83825 0.11063 13.3451 1.44011 7.64667 0 2.44243 27.8656 10.4413 1000 0 0 31.3046 21.1514
6.65286 14.6704 50.6023 4.83799 2.11062 13.3451 0 11.6463 4.22597 5.44236 30.8656 18.4408 1000 0 0 31.3046 21.1514
6.6525 14.6704 50.6023 4.83765 2.11049 13.3451 0 11.6463 4.22571 5.44219 30.8656 18.4408 1000 0 0 31.3046 21.1514
6.65214 16.6704 50.6023 6.83732 5.11035 15.3451 0 15.6463 2.22545 5.44201 33.8656 15.4408 1000 0 0 31.3046 21.1514
6.65178 16.6704 50.6023 6.83686 5.11003 15.3451 0 15.6463 2.22531 5.44184 33.8656 15.4408 1000 0 0 31.3046 21.1514
6.65142 16.6704 50.6023 6.83639 5.1097 15.3451 0 15.6463 2.22517 5.44167 33.8656 15.4408 1000 0 0 31.3046 21.1514
0.651055 16.6704 47.6023 3.83592 1.10938 9.34508 0 5.64628 0.225036 0 30.8656 14.4408 1000 0 0 31.3046 21.1514
0.65102 16.6704 47.6023 3.83566 1.10931 9.34467 0 5.64599 0.225022 0 30.8656 14.4408 1000 0 0 31.3046 21.1514
2.65098 14.6704 43.6023 0 0 8.34425 1.44115 7.6457 5.22501 0 27.8656 14.4408 1000 0 0 31.3046 21.1514
2.65084 14.6704 43.6023 0 0 8.34388 1.44107 7.6453 5.22468 0 27.8656 14.4408 1000 0 0 31.3046 21.1514
2.6507 14.6704 43.6023 0 0 8.34351 1.44099 7.64491 5.22436 0 27.8656 14.4408 1000 0 0 31.3046 21.1514
0 13.6704 41.6023 6.83563 0 0.343139 4.44091 10.6445 0 0 28.8656 10.4408 1000 0 0 31.3046 21.1514
0 13.6704 41.6023 6.83517 0 0.343124 4.44066 10.644 0 0 28.8656 10.4403 1000 0 0 31.3046 21.1514
0 6.67035 47.6023 0 2.1099 10.3431 0 0.643412 0 0 31.8656 13.4399 1000 0 0 31.3046 21.1514
0 6.67007 47.6023 0 2.10977 10.3426 0 0.643379 0 0 31.8656 13.4399 1000 0 0 31.3046 21.5831
0 6.66979 47.6023 0 2.10963 10.3422 0 0.643346 0 0 31.8656 13.4399 1000 0 0 31.3046 21.1514
0 15.6695 47.6023 0.834733 4.1095 11.3417 0 9.64331 3.22452 0 31.8656 13.4399 1000 0 0 31.3046 21.1514
0 15.6695 47.6023 0.834676 4.10924 11.3412 0 9.64281 3.22433 0 31.8656 13.4399 1000 0 0 31.3046 21.1514
2.65096 12.6695 41.6023 0.834619 0 7.34072 3.44056 14.6423 1.22413 0 28.8656 14.4399 1000 0 0 31.3046 21.1514
2.65081 12.6695 41.6023 0.834561 0 7.3404 3.44037 14.6423 1.22405 0 28.8656 14.4399 1000 0 0 31.3046 21.5831
2.65067 12.6695 41.6023 0.834504 0 7.34007 3.44018 14.6423 1.22397 0 28.8656 14.4399 1000 0 0 31.3046 21.1514
3.65053 12.6695 49.6023 2.83445 0.109337 7.33975 0 3.64232 2.2239 0 31.8656 14.4399 1000 0 0 31.3046 21.1514
3.65033 12.6695 49.6023 2.83425 0.10933 7.33942 0 3.64213 2.22376 0 31.8656 14.4399 1000 0 0 31.3046 21.1514
4.65013 14.6695 48.6023 2.83406 0 9.33909 0 6.64194 0.223622 0.442962 30.8656 17.4399 1000 0 0 31.3046 21.1514
4.64988 14.6695 48.6023 2.83387 0 9.33868 0 6.6416 0.223608 0.442948 30.8656 17.4399 1000 0 0 31.3046 21.1514
4.64963 14.6695 48.6023 2.83367 0 9.33827 0 6.64125 0.223594 0.442935 30.8656 17.4399 1000 0 0 31.3046 21.1514
0 18.6695 47.6023 0.833478 0 2.33785 2.44025 6.64091 0 0 27.8656 14.4399 1000 0 0 31.3046 21.1514
0 18.6695 47.6023 0.833421 0 2.33775 2.44011 6.64057 0 0 27.8656 14.4399 1000 0 0 31.3046 21.1514
0.649415 14.6695 47.6023 1.83336 1.11018 8.33764 1.43998 7.64023 2.2238 0 32.8656 15.4399 1000 0 0 31.3046 21.1514
0.64938 14.6695 47.6023 1.83324 1.11011 8.33727 1.43989 7.63983 2.22366 0 32.8656 15.4399 1000 0 0 31.3046 21.1514
6.64934 9.6695 50.6023 0.833113 2.11004 5.3369 1.43981 9.63944 2.22353 0 31.8656 11.4399 1000 0 0 31.3046 21.1514
6.64898 9.66909 50.6023 0.833056 2.1099 5.33667 1.43973 9.63894 2.22339 0 31.8656 11.4393 1000 0 0 31.3046 21.1514
6.64862 9.66868 50.6023 0.832999 2.10977 5.33643 1.43965 9.63844 2.22325 0 31.8656 11.4388 1000 0 0 31.3046 21.5831
1.64827 13.6683 46.6023 0 3.10963 10.3362 0 9.63794 1.22311 0.443295 32.8656 17.4383 1000 0 0 31.3046 21.1514
1.64818 13.6683 46.6023 0 3.10944 10.3357 0 9.63745 1.22304 0.443281 32.8656 17.4383 1000 0 0 31.3046 21.1514
2.64809 13.6683 40.6023 3.8331 0 5.33527 2.43963 4.63695 2.22296 0 32.8656 10.4383 1000 0 0 31.3046 21.5831
2.64794 13.6683 40.6023 3.83284 0 5.33504 2.43949 4.63671 2.22282 0 32.8656 10.4378 1000 0 0 31.3046 21.1514
2.6478 13.6683 40.6023 3.83258 0 5.3348 2.43936 4.63647 2.22268 0 32.8656 10.4374 1000 0 0 31.3046 21.1514
0 10.6683 43.6023 0 2.10941 9.33456 3.43922 7.63623 0 0 27.8656 9.43691 1000 0 0 31.3046 21.5831
0 10.6678 43.6023 0 2.10927 9.33415 3.43902 7.63583 0 0 27.8656 9.43649 1000 0 0 31.3046 21.1514
0.647911 11.6674 43.6023 2.83234 0 6.33373 3.43883 12.6354 0.222891 0 31.8656 14.4361 1000 0 0 31.3046 21.1514
0.647876 11.6669 43.6023 2.83214 0 6.33345 3.43863 12.6354 0.222877 0 31.8656 14.4361 1000 0 0 31.3046 21.1514
0.647841 11.6664 43.6023 2.83195 0 6.33317 3.43844 12.6354 0.222863 0 31.8656 14.4361 1000 0 0 31.3046 21.1514
0.647806 9.66588 42.6023 1.83176 0.109311 8.33289 2.43825 9.63544 0 0 32.8656 11.4361 1000 0 0 31.3046 21.5831
0.647771 9.66547 42.6023 1.83163 0.109304 8.33252 2.43811 9.63494 0 0 32.8656 11.4356 1000 0 0 31.3046 21.1514
1.64774 7.66506 40.6023 0.831505 1.1093 9.33215 3.43797 6.63445 0 0 30.8656 10.435 1000 0 0 31.3046 21.5831
1.64765 7.66474 40.6023 0.831448 1.10923 9.33174 3.43778 6.6341 0 0 30.8656 10.4346 1000 0 0 31.3046 21.1514
1.64756 7.66441 40.6023 0.831392 1.10916 9.33132 3.43758 6.63376 0 0 30.8656 10.4341 1000 0 0 31.3046 21.1514
0 12.6641 46.6023 0 0.109085 6.33091 3.43739 7.63342 1.22365 0 35.8656 19.4336 1000 0 0 31.3046 21.1514
0 12.6641 46.6023 0 0.109078 6.33063 3.43719 7.63302 1.22357 0 35.8656 19.4336 1000 0 0 31.3046 21.1514
0 12.6641 46.6023 0 0.109071 6.33035 3.437 7.63263 1.2235 0 35.8656 19.4336 1000 0 0 31.7393 21.5831
0 15.6641 46.6023 1.83137 1.10906 11.3301 0.436804 9.63223 1.22342 0 33.8656 12.4336 1000 0 0 31.3046 21.1514
0 15.6641 46.6023 1.83124 1.10899 11.3296 0.436779 9.63174 1.22334 0 33.8656 12.4336 1000 0 0 31.7393 21.1514
0 9.66409 42.6023 0 0.108923 5.32906 2.43675 10.6312 0 0 27.8656 14.4336 1000 0 0 31.3046 21.5831
0 9.66368 42.6023 0 0.108916 5.32882 2.43662 10.6307 0 0 27.8656 14.4336 1000 0 0 31.7393 21.1514
0 9.66327 42.6023 0 0.108909 5.32859 2.43648 10.6301 0 0 27.8656 14.4336 1000 0 0 31.3046 21.1514
4.64805 13.6629 44.6023 0.831359 0 9.32835 1.43634 2.62959 3.2236 1.44681 33.8656 12.4336 1000 0 0 31.3046 21.1514
4.6478 13.6629 44.6023 0.831302 0 9.32793 1.43626 2.62946 3.2234 1.44676 33.8656 12.4336 1000 0 0 31.7393 21.1514
0.647551 13.6629 51.6023 5.83124 4.10902 11.3275 2.43618 15.6293 4.2232 0 32.8656 11.4336 1000 0 0 31.7393 21.1514
0.647516 13.6629 51.6023 5.83085 4.10875 11.327 2.43604 15.6293 4.22294 0 32.8656 11.4331 1000 0 0 31.3046 21.1514
0.647481 13.6629 51.6023 5.83045 4.10849 11.3265 2.4359 15.6293 4.22268 0 32.8656 11.4326 1000 0 0 31.7393 21.1514
1.64745 13.6629 46.6023 3.83005 0 3.32601 0.435765 8.62932 0 0 28.8656 17.4321 1000 0 0 31.3046 21.1514
1.64736 13.6629 46.6023 3.82979 0 3.32586 0.43574 8.62888 0 0 28.8656 17.4321 1000 0 0 31.3046 21.1514
0.647268 14.6629 44.6023 2.82952 3.10834 0.325717 5.43572 5.62843 0 0 32.8656 18.4321 1000 0 0 31.3046 21.5831
0.647233 14.6629 44.6023 2.82933 3.10815 0.325702 5.43541 5.62814 0 0 32.8656 18.4321 1000 0 0 31.3046 21.1514
0.647198 14.6629 44.6023 2.82914 3.10795 0.325688 5.4351 5.62785 0 0 32.8656 18.4321 1000 0 0 31.3046 21.1514
0 6.66286 37.6023 0 0 2.32567 5.43479 12.6276 0 0 28.8656 14.4321 1000 0 0 31.3046 21.5831
0 6.66257 37.6023 0 0 2.32557 5.43449 12.6276 0 0 28.8656 14.4321 1000 0 0 31.3046 21.1514
5.64807 15.6623 46.6023 2.82938 1.1085 9.32547 0 11.6276 0.223991 0 25.8656 14.4321 1000 0 0 31.3046 21.1514
5.64776 15.6623 46.6023 2.82918 1.10843 9.32505 0 11.6276 0.223977 0 25.8656 14.4321 1000 0 0 31.3046 21.5831
5.64746 15.6623 46.6023 2.82899 1.10836 9.32464 0 11.6276 0.223963 0 25.8656 14.4321 1000 0 0 31.7393 21.1514
0.64715 7.66229 48.6023 3.8288 0 12.3242 3.43427 5.62756 0 4.44861 38.8656 7.43211 1000 0 0 31.7393 21.1514
0.647115 7.66197 48.6023 3.82853 0 12.3242 3.43408 5.62727 0 4.44847 38.8656 7.43177 1000 0 0 31.7393 21.1514
0.64708 11.6616 41.6023 0 0 4.32422 6.43389 0 0 0 32.8656 9.43144 1000 0 0 31.3046 21.1514
0.647045 11.6611 41.6023 0 0 4.32403 6.43352 0 0 0 32.8656 9.43102 1000 0 0 31.7393 21.1514
0.64701 11.6607 41.6023 0 0 4.32384 6.43316 0 0 0 32.8656 9.4306 1000 0 0 31.7393 21.1514
